0.025218894783595514

0.27217514720240665

0.3201549029934201

0.44277387398709633

0.543611151399532

0.6248501610462164

0.6572322322964445

0.7876069629336211

0.8966027488734061

0.9959294573302211

0.36353373743214823

0.2917248118579725

0.4231781484423618

0.49713146749990866

0.3756042164654453

0.6700625046744995

0.6157225969896888

0.6722248203542471

0.4375788311953205

0.4806592036354881

0.29113497023911294

0.7242221638191075

0.2390801416830507

0.2467503279045341

0.4061607424333924

0.8037152333899168

0.5981437106138773

0.17468301234385453

0.012657244242685106

0.09420315775655153

